"Title","Media URL","Pinterest board","Thumbnail","Description","Link","Publish date","Keywords"
"All-Inclusive Vacations for Couples: Where to Go and How to Choose","https://spicevacations.com/pins/guide-all-inclusive-vacations-for-couples.jpg","All-Inclusive & Adults-Only Resorts","","Plan all-inclusive vacations for couples: the best destinations, adults-only vs. couples-only resorts, what is included and how to pick the right resort. Read the full guide on SpiceVacations.com.","https://spicevacations.com/guides/all-inclusive-vacations-for-couples/?utm_source=pinterest&utm_medium=social&utm_campaign=pins","","all inclusive vacations for couples, all inclusive couples resorts, adults only all inclusive"
"Best Beach Vacations: 15 Beaches Worth the Trip for Couples","https://spicevacations.com/pins/guide-best-beach-vacations.jpg","Beach Vacations for Couples","","The best beach vacations for couples in the USA, Mexico and the Caribbean, compared by water, sand, season and vibe, with tips for choosing the right shoreline. Read the full guide on SpiceVacations.com.","https://spicevacations.com/guides/best-beach-vacations/?utm_source=pinterest&utm_medium=social&utm_campaign=pins","","beach vacations, best beach vacations, affordable beach vacations"
"Honeymoon Vacation Ideas for Couples: Resorts, Destinations & Tips","https://spicevacations.com/pins/type-honeymoon-vacations.jpg","Honeymoon Destinations & Resorts","","Your first trip as newlyweds, planned to feel effortless. Honeymoon vacations deserve extra care. Compare honeymoon destinations and resorts, learn when to travel, and see how to plan a trip that balances relaxation, romance and a few unforgettable experiences. Explore resorts, destinations and planning tips on SpiceVacations.com.","https://spicevacations.com/vacation-types/honeymoon-vacations/?utm_source=pinterest&utm_medium=social&utm_campaign=pins","","honeymoon vacations, honeymoon vacations for couples, honeymoon vacations ideas"
"Mexico for Couples: Where to Stay, When to Go & What to Do","https://spicevacations.com/pins/destination-mexico.jpg","Mexico & Caribbean Vacations","","Turquoise Caribbean coast, Pacific sunsets and the best adults-only resorts in the hemisphere. Mexico is America's favorite couples destination for good reason, with short flights, adults-only all-inclusive resorts, cenotes, Mayan ruins and dramatic Pacific coastlines in Los Cabos and Puerto Vallarta. Read the full guide on SpiceVacations.com.","https://spicevacations.com/destinations/mexico/?utm_source=pinterest&utm_medium=social&utm_campaign=pins","","Mexico couples vacation, Mexico romantic getaway, Mexico resorts for couples, best time to visit Mexico"
"Best Vacation Spots for Couples: Where to Go by Travel Style","https://spicevacations.com/pins/guide-best-vacation-spots-for-couples.jpg","Romantic Getaways for Couples","","The best vacation spots for couples, matched to your style: beach lovers, foodies, adventurers, night owls and honeymooners, with seasons and planning tips. Read the full guide on SpiceVacations.com.","https://spicevacations.com/guides/best-vacation-spots-for-couples/?utm_source=pinterest&utm_medium=social&utm_campaign=pins","","best vacation spots for couples, best couples destinations, romantic places for couples"
